PC:0  |00000000000000001010|10000|0110111
PC:4  |00000000000000000000|00001|0110111
PC:8  |00000000000000000001|00010|0110111
PC:12 |00000000000000000001|00011|0110111
PC:16 |000000000000|00001|010|00100|0000011
PC:20 |000000000100|00001|010|00101|0000011
PC:24 |0000000|00101|00100|010|00110|0110011
PC:28 |0000000|00110|00011|000|01000|1100011
PC:32 |0000000|01001|00100|000|00000|1111111
PC:36 |0000000|00100|00101|000|00000|1111111
PC:40 |0000000|00101|01001|000|00000|1111111
PC:44 |0000000|00100|00001|010|00000|0100011
PC:48 |0000000|00101|00001|010|00100|0100011
PC:52 |000000000001|00010|000|00010|0010011
PC:56 |000000000100|00001|000|00001|0010011
PC:60 |1111111|00010|10000|001|01011|1100011
PC:64 |0100000|00011|10000|000|10000|0110011
PC:68 |1111111|00011|10000|001|00001|1100011

